%YAML:1.0
---
Feature_123456: !!opencv-matrix
   rows: 1
   cols: 128
   dt: f
   data: [ -4.13632751e-01, -6.75904691e-01, -1.23496294e-01,
       -3.46572131e-01, 6.00488067e-01, -2.53953263e-02, -2.33629197e-02,
       1.66358322e-01, 1.09793931e-01, -2.10503817e-01, 1.69230461e+00,
       1.06546068e+00, -8.96985829e-02, -5.06325483e-01, 4.75771368e-01,
       4.26281273e-01, 3.45937133e-01, -2.39868417e-01, -8.56944144e-01,
       -3.72178972e-01, -1.32822111e-01, -3.29697877e-02,
       -2.83568233e-01, 9.71987993e-02, -2.53223151e-01, -1.18851878e-01,
       2.48536944e-01, -1.27015382e-01, -7.85475016e-01, 3.12626362e-01,
       -4.33862388e-01, 3.81740928e-02, -2.31690556e-02, 2.09615692e-01,
       -1.22730410e+00, -2.75580734e-01, -1.22615933e-01, 3.29430461e-01,
       -8.40805292e-01, 4.68705446e-01, 9.12467599e-01, -2.60459036e-02,
       6.41482413e-01, -1.77479699e-01, 6.52666748e-01, 6.42202914e-01,
       -1.09034204e+00, -1.31262112e+00, -1.02806735e+00, 5.07310867e-01,
       1.40415394e+00, -8.77839446e-01, 7.35694110e-01, 9.60610926e-01,
       -8.33237708e-01, -3.99538763e-02, -3.21034372e-01,
       -8.54516745e-01, 3.18053454e-01, 7.88537621e-01, 1.24979079e-01,
       4.02126282e-01, -3.28911483e-01, 2.68817335e-01, -6.20679080e-01,
       3.11939567e-01, -7.76220679e-01, -5.92184141e-02, -6.30357146e-01,
       -8.65392089e-01, 6.28193557e-01, -6.07277974e-02, -9.01612282e-01,
       -3.80119443e-01, 1.00846541e+00, -6.55690134e-02, 3.36439088e-02,
       -6.11977100e-01, -3.41713071e-01, 7.37595707e-02, -5.70592135e-02,
       -1.08037496e+00, 3.07461232e-01, 4.20917332e-01, -4.21220273e-01,
       3.34101260e-01, 3.16583633e-01, -7.03798473e-01, 8.62054378e-02,
       -2.49540433e-01, 7.80582428e-01, 1.02215779e+00, -1.17651775e-01,
       2.07985610e-01, -7.76353002e-01, -1.45606712e-01, 1.53195877e-02,
       3.82529289e-01, -1.45112300e+00, 3.90643358e-01, 8.90892625e-01,
       1.22365534e-01, 1.03786874e+00, -9.58833575e-01, 1.55456960e+00,
       -3.72019082e-01, 3.38677615e-01, -4.42510545e-01, 5.85626066e-01,
       -4.82690424e-01, -7.92790651e-02, -9.80600953e-01, 6.07546344e-02,
       -1.63212150e-01, -1.39509231e-01, 1.71824026e+00, -8.66592154e-02,
       3.87113124e-01, 3.41290027e-01, -6.62280738e-01, -2.66002893e-01,
       -2.45495051e-01, 5.66960394e-01, 3.85052145e-01, -1.13890246e-01,
       -3.38773698e-01, -4.87353146e-01, 5.63043177e-01 ]
...
---
Feature_234567: !!opencv-matrix
   rows: 1
   cols: 128
   dt: f
   data: [ -4.18461382e-01, -6.83302462e-01, 4.96276528e-01,
       9.88789678e-01, 2.68742681e+00, -2.18429375e+00, -1.00800908e+00,
       3.84589463e-01, -5.41456461e-01, 6.19471669e-01, 2.77777314e-01,
       1.14746737e+00, -6.88689351e-01, -4.94380221e-02, 3.58438939e-02,
       -5.53152859e-01, -2.04518533e+00, -1.31741011e+00,
       -3.81263405e-01, -1.54325926e+00, -9.90998566e-01, 8.00159335e-01,
       -9.27749813e-01, 7.83748627e-01, -9.62937236e-01, 5.36061287e-01,
       1.41161489e+00, 7.95196772e-01, 1.56555176e-01, 2.89647555e+00,
       1.53155291e+00, 1.51399803e+00, 1.59625638e+00, -2.06227827e+00,
       3.05218816e+00, -2.74784088e+00, 2.03794539e-02, 1.19491065e+00,
       -1.45640481e+00, 1.21956074e+00, -5.66026568e-01, -6.21868968e-01,
       -2.87293482e+00, -2.14489460e+00, 7.76582837e-01, -1.11492418e-01,
       9.32192266e-01, 9.29662943e-01, 1.10491467e+00, -2.41671979e-01,
       -8.79864275e-01, -2.43595076e+00, -7.35543489e-01,
       -1.14001656e+00, 1.51152134e-01, -1.10045040e+00, 1.12471879e+00,
       -1.66890013e+00, 1.41757905e+00, 2.78957224e+00, 1.15878940e-01,
       1.09160256e+00, -3.98185670e-01, 1.13930047e+00, -4.05261636e-01,
       -1.41599095e+00, 9.24832046e-01, 2.19255872e-02, -8.45065355e-01,
       1.35964036e-01, 3.11422139e-01, -8.78293753e-01, -6.54141724e-01,
       -1.25958550e+00, 1.04119861e+00, -1.21325180e-01, -2.01116872e+00,
       -2.75867939e-01, -1.62643957e+00, -1.39854521e-01,
       -1.21497653e-01, -7.17776179e-01, 8.14855576e-01, 1.99334705e+00,
       1.35001644e-01, -3.35599482e-01, 1.43437445e+00, -4.25711304e-01,
       -9.55188930e-01, 3.44093144e-03, -9.52353656e-01, 6.30116463e-01,
       8.57320786e-01, -2.14193583e+00, 8.87718320e-01, -2.58126402e+00,
       5.01918077e-01, -7.90187716e-03, -1.18656945e+00, -9.43797827e-01,
       1.79992950e+00, 1.34333968e+00, -1.57423413e+00, -5.41758060e-01,
       4.02807415e-01, -4.23828036e-01, -4.96276766e-01, -4.59339231e-01,
       8.80150720e-02, -2.50936210e-01, 9.52423394e-01, -4.08889726e-03,
       8.54842246e-01, -5.54242849e-01, 2.19699383e+00, -1.96240902e-01,
       1.23753965e+00, 3.11989158e-01, -2.11978245e+00, 1.88312292e-01,
       -2.63182211e+00, -2.32769275e+00, 1.48578143e+00, -1.65197879e-01,
       -4.24772501e-03, -1.82591915e+00, -1.82477796e+00,
       -2.30074286e+00 ]
...
---
Feature_345678: !!opencv-matrix
   rows: 1
   cols: 128
   dt: f
   data: [ 7.43831277e-01, 1.98948458e-01, -8.98894787e-01,
       -5.24687842e-02, 1.98695445e+00, -1.22108221e+00, 1.11849463e+00,
       3.11931491e-01, -1.61950159e+00, -4.87848938e-01, 4.24559355e-01,
       1.04741681e+00, 3.31304431e-01, -4.85116214e-01, 6.90405786e-01,
       -1.17693417e-01, 1.56942308e-01, -1.14289589e-01, -1.08112872e+00,
       -3.04271907e-01, -1.14929140e+00, 1.06933689e+00, -4.77370203e-01,
       -8.84023756e-02, 1.00258338e+00, -1.64233673e+00, 4.81008679e-01,
       2.94242412e-01, 2.30774730e-01, 7.28896797e-01, 5.98935485e-01,
       -4.98574585e-01, 7.96842158e-01, -7.33517289e-01, 2.38783747e-01,
       -1.32701612e+00, 9.83662009e-02, 1.26596856e+00, 1.21262789e+00,
       -2.33249402e+00, 1.43306851e+00, -4.41581577e-01, -1.92935717e+00,
       6.92786455e-01, -1.17474653e-01, 7.76815414e-01, 2.70056677e+00,
       -1.75405681e-01, 1.20616007e+00, -2.20980704e-01, -1.24331117e+00,
       6.64570689e-01, 1.85550857e+00, 4.36978281e-01, -6.75513446e-01,
       3.48518431e-01, 1.72393596e+00, -1.28079772e+00, 8.81673217e-01,
       2.02252698e+00, 1.75161934e+00, -1.76123512e+00, -1.29754949e+00,
       6.42831862e-01, -1.68378308e-01, -3.33740771e-01, -1.32668212e-01,
       -5.95330715e-01, 3.98614168e-01, -1.09989202e+00, -2.03185058e+00,
       6.65331781e-01, -1.20125782e+00, 1.32088989e-01, 2.16442037e+00,
       -1.79757386e-01, -1.64495587e-01, 7.38217235e-01, -2.84208775e+00,
       1.40888155e-01, -1.91937304e+00, 5.74730039e-01, -9.20504928e-01,
       1.23731720e+00, 6.34074330e-01, -2.07420588e-01, -1.34212661e+00,
       5.41488886e-01, -1.68430889e+00, 3.81814897e-01, -7.09787786e-01,
       1.19828534e+00, 1.12735346e-01, 5.85979484e-02, -1.47491813e+00,
       -1.37387705e+00, -1.11992812e+00, 1.20395136e+00, -6.97893441e-01,
       -9.15652633e-01, 2.14857292e+00, -1.38448447e-01, -3.24261546e-01,
       -2.04848439e-01, 4.65202719e-01, 1.34628773e+00, 1.47262371e+00,
       1.61545134e+00, -6.19116664e-01, 9.07399416e-01, 1.04598010e+00,
       -1.87202644e+00, -1.46484518e+00, 1.48403421e-01, 6.77146986e-02,
       2.30746818e+00, 3.91754210e-01, -2.88385034e+00, 9.58851218e-01,
       -7.59093523e-01, -8.88812304e-01, -2.98903918e+00, 5.03915071e-01,
       -7.37520695e-01, 6.46378994e-01, -1.30096817e+00, 1.07768369e+00,
       -2.15087608e-01 ]
...
---
